


tb = 20 + (((10^6)* pi* (.0025^2) * .05) / sqrt(100*pi*0.005*pi*25*(.0025^2)))
t0 = tb + (10^6)*(0.05^2) / (2*25)
