
function Position_Controlls = Posi_Cont(x,trained_parameters)

 R =  diag([1,1,1]);

W2 = trained_parameters;

g = [0 0 0
     0 0 0
     0 0 0
     1 0 0
     0 1 0
     0 0 1];

grad_phi = [ ...
    0, 0, 0, 0, 0, 0;
    2*x(1,1),    0,    0,    0,    0,    0
    0, 2*x(2,1),    0,    0,    0,    0
    0,    0, 2*x(3,1),    0,    0,    0
    0,    0,    0, 2*x(4,1),    0,    0
    0,    0,    0,    0, 2*x(5,1),    0
    0,    0,    0,    0,    0, 2*x(6,1)
    x(2,1),   x(1,1),    0,    0,    0,    0
    x(3,1),    0,   x(1,1),    0,    0,    0
    x(4,1),    0,    0,   x(1,1),    0,    0
    x(5,1),    0,    0,    0,   x(1,1),    0
    x(6,1),    0,    0,    0,    0,   x(1,1)
    0,   x(3,1),   x(2,1),    0,    0,    0
    0,   x(4,1),    0,   x(2,1),    0,    0
    0,   x(5,1),    0,    0,   x(2,1),    0
    0,   x(6,1),    0,    0,    0,   x(2,1)
    0,    0,   x(4,1),   x(3,1),    0,    0
    0,    0,   x(5,1),    0,   x(3,1),    0
    0,    0,   x(6,1),    0,    0,   x(3,1)
    0,    0,    0,   x(5,1),   x(4,1),    0
    0,    0,    0,   x(6,1),    0,   x(4,1)
    0,    0,    0,    0,   x(6,1),   x(5,1)
    ];

GRAD_PHI = grad_phi;


% W2 = [1
% 1.166466135
% 0.678686654
% 0.869325234
% 36.20058914
% 26.43162013
% 45.83758971
% 0.865360665
% 1.13996064
% 58.82757045
% -0.250333323
% 60.10354656
% 0.872847093
% 26.60557146
% 84.16797189
% 5.59302533
% -41.50013323
% -23.29602085
% 22.82302354
% 4.236942209
% -15.43766576
% -6.783999522
% ];

u_xyz  = -0.5 * R^-1 * g.' * GRAD_PHI.' * W2;
Position_Controlls   = u_xyz;

end

